             o  ,    o  ,                                     LOUISVILLE                               Astronomical Applications Dept.
Location:  000 00,  00 00                          Rise and Set for the Sun for 2023                   U. S. Naval Observatory        
                                                                                                       Washington, DC  20392-5420     
                                                            Universal Time                                                            
                                                                                                                                      
                                                                                                                                      
       Jan.       Feb.       Mar.       Apr.       May        June       July       Aug.       Sept.      Oct.       Nov.       Dec.  
Day Rise  Set  Rise  Set  Rise  Set  Rise  Set  Rise  Set  Rise  Set  Rise  Set  Rise  Set  Rise  Set  Rise  Set  Rise  Set  Rise  Set
     h m  h m   h m  h m   h m  h m   h m  h m   h m  h m   h m  h m   h m  h m   h m  h m   h m  h m   h m  h m   h m  h m   h m  h m
01  0600 1807  0610 1817  0609 1816  0601 1807  0554 1801  0554 1801  0600 1808  0603 1810  0557 1803  0546 1753  0540 1747  0545 1753
02  0600 1808  0610 1817  0609 1815  0600 1807  0554 1800  0554 1802  0600 1808  0603 1810  0557 1803  0546 1753  0540 1747  0546 1753
03  0601 1808  0610 1817  0609 1815  0600 1807  0553 1800  0555 1802  0601 1808  0603 1810  0556 1803  0546 1752  0540 1747  0546 1753
04  0601 1809  0610 1817  0608 1815  0600 1806  0553 1800  0555 1802  0601 1808  0603 1810  0556 1802  0546 1752  0540 1747  0546 1754
05  0602 1809  0610 1817  0608 1815  0559 1806  0553 1800  0555 1802  0601 1808  0603 1809  0556 1802  0545 1752  0540 1747  0547 1754
06  0602 1809  0611 1817  0608 1815  0559 1806  0553 1800  0555 1802  0601 1808  0603 1809  0555 1802  0545 1751  0540 1747  0547 1755
07  0602 1810  0611 1818  0608 1814  0559 1805  0553 1800  0555 1802  0601 1809  0602 1809  0555 1801  0545 1751  0540 1747  0548 1755
08  0603 1810  0611 1818  0608 1814  0559 1805  0553 1800  0555 1803  0601 1809  0602 1809  0555 1801  0544 1751  0540 1747  0548 1755
09  0603 1811  0611 1818  0607 1814  0558 1805  0553 1800  0556 1803  0602 1809  0602 1809  0554 1801  0544 1751  0540 1747  0548 1756
10  0604 1811  0611 1818  0607 1814  0558 1805  0553 1800  0556 1803  0602 1809  0602 1809  0554 1800  0544 1750  0540 1747  0549 1756
11  0604 1811  0611 1818  0607 1813  0558 1804  0553 1800  0556 1803  0602 1809  0602 1809  0553 1800  0544 1750  0540 1748  0549 1757
12  0604 1812  0611 1818  0607 1813  0558 1804  0553 1800  0556 1803  0602 1809  0602 1808  0553 1800  0543 1750  0541 1748  0550 1757
13  0605 1812  0611 1818  0606 1813  0557 1804  0553 1800  0556 1804  0602 1809  0602 1808  0553 1759  0543 1750  0541 1748  0550 1758
14  0605 1813  0611 1818  0606 1812  0557 1804  0553 1800  0557 1804  0602 1809  0601 1808  0552 1759  0543 1749  0541 1748  0551 1758
15  0606 1813  0611 1817  0606 1812  0557 1803  0553 1800  0557 1804  0602 1810  0601 1808  0552 1759  0543 1749  0541 1748  0551 1759
16  0606 1813  0611 1817  0605 1812  0557 1803  0553 1800  0557 1804  0603 1810  0601 1808  0552 1758  0542 1749  0541 1748  0552 1759
17  0606 1814  0611 1817  0605 1812  0556 1803  0553 1800  0557 1805  0603 1810  0601 1807  0551 1758  0542 1749  0541 1748  0552 1800
18  0607 1814  0610 1817  0605 1811  0556 1803  0553 1800  0557 1805  0603 1810  0601 1807  0551 1757  0542 1749  0542 1749  0553 1800
19  0607 1814  0610 1817  0605 1811  0556 1803  0553 1800  0558 1805  0603 1810  0600 1807  0551 1757  0542 1748  0542 1749  0553 1801
20  0607 1815  0610 1817  0604 1811  0556 1802  0553 1800  0558 1805  0603 1810  0600 1807  0550 1757  0541 1748  0542 1749  0554 1801
21  0608 1815  0610 1817  0604 1810  0555 1802  0553 1800  0558 1805  0603 1810  0600 1807  0550 1756  0541 1748  0542 1749  0554 1802
22  0608 1815  0610 1817  0604 1810  0555 1802  0553 1800  0558 1806  0603 1810  0600 1806  0550 1756  0541 1748  0542 1750  0555 1802
23  0608 1815  0610 1817  0603 1810  0555 1802  0553 1800  0559 1806  0603 1810  0559 1806  0549 1756  0541 1748  0543 1750  0555 1803
24  0608 1816  0610 1817  0603 1810  0555 1802  0553 1800  0559 1806  0603 1810  0559 1806  0549 1755  0541 1748  0543 1750  0556 1803
25  0609 1816  0610 1816  0603 1809  0555 1801  0553 1801  0559 1806  0603 1810  0559 1805  0549 1755  0541 1747  0543 1751  0556 1804
26  0609 1816  0610 1816  0602 1809  0554 1801  0553 1801  0559 1807  0603 1810  0559 1805  0548 1755  0541 1747  0544 1751  0557 1804
27  0609 1816  0609 1816  0602 1809  0554 1801  0554 1801  0559 1807  0603 1810  0558 1805  0548 1754  0541 1747  0544 1751  0557 1805
28  0609 1816  0609 1816  0602 1808  0554 1801  0554 1801  0600 1807  0603 1810  0558 1805  0547 1754  0540 1747  0544 1752  0558 1805
29  0609 1817             0602 1808  0554 1801  0554 1801  0600 1807  0603 1810  0558 1804  0547 1754  0540 1747  0545 1752  0558 1806
30  0610 1817             0601 1808  0554 1801  0554 1801  0600 1807  0603 1810  0557 1804  0547 1753  0540 1747  0545 1752  0559 1806
31  0610 1817             0601 1807             0554 1801             0603 1810  0557 1804             0540 1747             0559 1807

Add one hour for daylight time, if and when in use.